0 1467 71 50 82 272 862 75 144 1814 231 47 85 754 280 68 80 902 513 80 84 
1 271 860 71 151 1818 229 41 84 1468 71 49 81 247 854 72 154 894 513 89 84 758 279 64 80 
2 1818 229 41 84 271 860 71 150 1468 71 49 81 247 854 72 154 895 513 88 84 758 279 64 80 
3 1818 229 41 84 271 860 71 151 1468 71 49 81 247 854 72 154 894 513 89 84 758 279 64 80 
4 1474 69 45 81 242 861 77 147 990 20 26 66 267 868 77 142 1818 227 42 84 894 514 83 86 892 465 77 114 805 277 50 85 1640 159 63 80 759 279 63 81 
5 1475 69 47 84 237 866 80 138 810 279 51 85 991 23 27 65 758 277 57 85 292 259 59 117 
6 1476 68 49 82 234 880 78 127 815 280 49 82 997 22 26 66 1639 160 65 78 882 461 80 121 
7 1474 69 52 79 230 885 75 123 1639 157 61 80 813 280 47 80 998 20 26 67 1639 695 63 134 1379 39 27 62 
8 1476 67 50 81 1642 157 62 81 998 19 27 67 223 890 72 114 817 281 49 81 1633 705 69 124 870 518 102 90 
9 1476 67 50 81 1642 157 62 81 998 20 27 66 224 890 71 114 817 281 49 81 1632 705 70 124 870 518 102 90 
10 1475 65 51 83 1641 156 62 81 1001 19 25 67 815 280 47 79 1633 711 68 123 220 905 77 111 
11 1640 154 61 82 1476 63 49 82 1000 21 26 65 815 279 47 82 215 904 82 114 869 469 83 109 904 98 55 83 
12 1644 152 58 81 1485 66 49 81 817 277 44 83 999 19 26 66 211 907 78 113 861 517 95 89 
13 1644 152 58 81 1485 66 49 81 817 277 45 83 999 19 26 66 211 907 78 114 861 517 95 89 
14 1647 150 56 82 822 273 42 84 1491 64 46 82 203 911 72 112 992 20 26 64 854 510 99 100 
15 1647 150 57 82 822 273 42 84 1491 64 46 82 203 911 73 112 992 20 26 64 854 510 99 100 
16 1647 151 58 80 825 271 48 82 1491 62 45 80 196 913 73 111 992 20 27 63 
17 1648 151 59 80 180 914 68 113 832 269 46 86 1489 63 47 78 702 977 84 66 
18 1647 150 59 80 177 915 68 115 1487 63 48 78 841 271 44 84 703 977 85 66 
19 168 920 76 106 1646 150 59 80 1487 63 51 77 706 975 86 66 841 271 45 85 912 105 58 77 1648 742 69 123 
20 159 924 77 100 1644 151 60 79 1490 61 49 78 712 973 81 68 844 267 48 87 914 106 55 74 837 506 79 108 
21 159 924 77 100 1644 151 60 79 1490 61 49 78 712 973 81 67 845 267 47 88 914 106 55 74 837 505 79 109 1651 744 64 121 
22 151 930 86 97 1642 150 60 79 843 266 47 84 1491 60 48 77 1645 741 69 134 
23 1643 149 59 79 1486 61 49 76 142 939 84 95 841 264 51 81 1644 743 75 136 
24 1643 149 59 79 1484 62 51 74 1645 745 75 138 135 941 85 93 836 263 54 78 
25 1643 145 56 79 822 508 88 117 1488 57 49 76 
26 818 513 80 112 1643 142 58 80 1484 55 56 75 814 553 91 92 833 254 49 86 
27 818 512 81 113 1643 142 58 79 1485 55 55 75 814 553 91 92 833 254 49 86 
28 806 549 93 100 835 254 48 85 811 508 82 121 1486 54 58 76 1636 139 61 80 
29 803 547 89 103 801 514 76 114 1637 138 61 82 1483 51 57 79 835 253 52 86 1643 780 80 145 
30 799 515 73 115 802 549 88 102 823 241 55 87 366 224 51 97 
31 369 225 58 98 1646 787 78 137 823 244 53 81 803 555 83 98 
32 825 242 56 85 372 229 62 89 1644 792 79 133 1478 51 59 78 
33 825 242 55 85 371 229 63 89 1644 792 79 133 1478 51 59 78 882 245 47 81 792 515 72 108 
34 1645 792 79 134 818 243 57 81 797 551 83 109 1486 50 55 80 
35 1646 794 76 127 788 545 94 114 818 242 56 83 886 244 49 83 1488 50 55 78 1636 135 61 84 
36 819 243 56 81 784 549 87 108 790 590 85 89 1649 795 71 134 882 245 48 81 
37 786 590 89 96 819 242 56 82 
38 884 246 51 79 
39 884 246 51 78 774 593 99 94 
40 831 238 55 86 882 243 54 80 
41 1658 824 61 118 836 239 51 80 
42 1659 819 60 129 764 546 77 119 
43 835 237 52 83 1485 43 60 68 1682 812 76 153 881 240 55 82 1657 818 66 135 
44 838 236 51 84 1684 806 75 163 881 237 53 83 760 548 75 119 1650 121 65 76 1110 21 25 56 
45 838 235 51 85 881 237 53 84 1684 806 75 163 760 548 75 119 1650 121 65 76 1111 21 24 55 
46 839 232 47 85 885 237 52 83 755 551 78 117 1113 19 25 57 748 588 88 103 1649 119 65 76 
47 841 235 53 81 881 238 57 81 746 595 88 94 752 555 75 108 1649 119 65 76 1114 19 25 56 
48 743 594 94 95 838 232 53 81 1684 814 77 152 745 559 77 104 883 237 56 83 
49 839 232 57 81 743 597 87 93 738 559 72 100 1679 815 82 154 
50 884 232 56 84 840 230 53 79 742 591 84 102 743 634 85 86 737 559 75 100 
51 885 232 54 84 840 230 53 79 742 591 84 102 743 634 85 86 737 558 75 101 
52 734 586 89 112 844 229 49 79 885 230 53 80 739 630 85 93 
53 885 226 54 83 734 638 85 88 1106 19 23 62 850 225 44 83 730 591 85 105 1500 41 58 68 
54 883 221 55 86 729 636 84 91 1106 19 23 61 1508 40 54 67 1521 32 27 67 718 589 90 111 
55 883 223 52 81 717 637 87 89 1508 38 53 67 1107 23 25 58 1520 31 28 66 
56 885 225 55 77 712 639 93 88 1521 32 28 64 712 639 93 88 1105 22 24 61 1649 117 60 77 
57 885 225 55 77 1521 32 28 64 711 639 93 88 711 639 93 88 1105 22 24 62 1649 117 60 77 
58 892 226 52 77 1652 115 58 77 711 640 98 86 457 223 46 82 1523 32 28 65 1104 23 23 61 
59 890 221 57 80 455 218 47 86 1652 110 57 76 706 643 100 86 1524 29 27 69 
60 892 221 57 81 1652 108 56 75 455 218 47 82 1514 38 54 66 1526 25 28 70 
61 469 215 44 86 894 219 55 80 1652 108 58 78 1526 26 27 73 703 640 90 91 1513 39 54 63 
62 472 217 46 84 1649 105 60 79 896 219 58 77 1528 25 28 73 1069 24 26 61 
63 472 217 46 84 1649 105 60 79 896 219 58 77 1528 25 28 73 
64 903 217 52 79 1648 105 61 81 477 220 47 79 689 631 77 108 1528 26 29 70 
65 1648 104 61 83 1527 25 29 71 479 218 49 84 685 633 82 104 1689 833 68 141 
66 680 631 83 104 1646 106 63 83 479 223 50 80 682 599 72 104 1527 28 28 74 
67 1528 28 29 72 1646 106 62 80 672 603 73 92 
68 1648 107 62 80 1530 27 28 74 1546 27 26 68 
69 1648 107 62 80 1530 27 28 74 1546 27 26 67 
70 1649 107 60 76 666 677 88 94 666 603 76 94 1545 23 26 69 
71 1650 105 59 79 
72 1649 105 61 80 
73 1644 104 66 81 651 678 97 97 
74 1652 865 67 125 645 678 104 98 1647 103 63 79 
75 1652 865 67 125 645 678 103 98 1647 103 63 80 
76 1648 865 72 125 643 673 99 106 1647 102 63 79 
77 1647 873 74 117 643 672 95 110 1649 99 62 83 
78 1640 881 78 113 1546 29 28 65 
79 1635 888 82 105 
80 1635 894 80 100 920 196 57 75 1549 36 29 60 
81 1635 894 80 100 920 196 57 75 1549 36 30 60 637 720 88 91 
82 1635 892 81 105 
83 960 193 55 77 1633 896 79 101 
84 602 662 88 135 958 197 55 74 1633 899 76 99 
85 957 195 62 75 600 662 88 132 
86 964 196 58 72 
87 964 196 58 72 
88 967 197 58 72 1622 916 81 102 
89 972 196 53 72 1619 914 84 104 584 709 97 116 
90 975 196 52 71 1619 919 82 100 
91 971 191 54 73 1619 919 82 101 1643 63 66 84 1562 23 28 65 
92 1617 922 84 101 978 185 54 75 1562 29 27 62 1640 62 68 88 
93 1618 922 83 101 978 185 54 75 1562 29 27 62 1640 62 68 87 
94 1618 929 77 96 976 184 57 74 580 754 94 110 
95 975 182 58 74 1615 931 76 96 1563 25 27 64 
96 561 754 97 112 1562 23 26 63 977 181 52 75 1617 935 76 91 
97 
98 984 182 57 72 1767 487 63 126 
99 985 182 56 72 
100 1765 488 64 131 980 180 58 74 534 716 80 115 
101 982 182 62 74 1765 490 67 132 
102 982 179 56 78 1765 494 61 131 
103 1764 499 64 130 986 178 54 76 
104 994 177 51 76 
105 994 177 51 76 
106 
107 1589 21 27 59 
108 1589 22 30 56 
109 
110 1023 78 68 144 1008 681 66 104 
111 1023 78 67 144 1008 681 67 103 
112 1028 88 63 126 
113 1032 152 47 84 
114 1009 676 67 107 
115 1009 674 67 99 
116 1040 78 57 133 1729 539 56 124 
117 1040 78 57 133 1728 539 57 124 
118 1725 544 58 121 1042 84 55 119 376 731 254 285 
119 1724 547 61 118 1036 84 59 120 377 741 249 277 
120 1724 552 58 111 
121 
122 361 731 235 313 
123 360 732 236 311 
124 1038 143 49 80 
125 1727 557 52 108 
126 1725 559 53 106 
127 1722 561 55 103 
128 1051 143 50 78 
129 1051 143 50 78 
130 1715 568 67 126 1056 142 47 74 
131 1714 566 70 131 1053 143 50 74 
132 1709 566 71 135 
133 1706 572 74 133 
134 1701 580 77 134 
135 1702 581 77 133 
136 1702 590 73 124 
137 1702 596 70 118 
138 1700 596 64 118 
139 1696 598 65 115 
140 1696 601 68 109 
141 1696 601 68 109 
142 
143 
144 1693 615 70 130 
145 1689 613 71 137 
146 1689 610 72 143 
147 1689 610 72 143 
148 1687 610 77 150 15 598 61 112 
149 1685 622 73 136 12 600 65 107 286 894 93 93 
150 1685 629 71 127 13 600 72 104 
151 16 607 71 91 1686 633 68 124 
152 16 606 78 89 
153 16 606 78 90 
154 15 606 80 92 
155 16 604 80 93 
156 20 597 77 100 
157 23 596 73 102 1686 645 75 155 1096 114 56 79 
158 23 595 75 102 1099 111 53 81 1685 644 76 158 
159 24 595 74 103 1099 111 53 81 1685 643 77 159 
160 1683 642 76 161 43 580 77 116 1102 115 51 78 
161 1683 641 76 164 1104 115 50 78 42 577 77 111 
162 43 562 77 108 1682 643 77 165 1107 113 50 79 210 944 89 82 1104 567 76 94 
163 46 558 81 115 1108 112 51 79 1680 654 77 152 203 948 94 80 937 100 26 63 
164 51 560 81 111 1110 110 51 79 1680 660 77 146 935 99 27 66 190 945 109 87 
165 51 560 80 111 1110 110 51 79 1680 660 77 146 935 99 27 66 190 945 109 88 
166 55 559 81 108 1112 112 49 78 1680 665 73 140 
167 65 563 83 106 1121 111 47 78 935 97 27 69 
168 64 562 90 104 1122 108 50 79 936 98 25 70 
169 69 558 91 107 1123 104 49 79 
170 75 559 93 105 1121 102 49 74 
171 75 559 93 105 1121 102 49 74 
172 79 559 92 105 1121 100 51 76 1684 696 75 150 
173 85 552 91 109 1681 694 79 153 1122 99 51 74 133 977 107 59 
174 1681 696 76 152 87 549 92 107 1125 99 51 72 
175 1682 695 75 153 92 545 91 104 1125 99 50 71 117 991 103 54 
176 1681 697 74 157 115 544 81 101 1133 93 29 77 
177 1681 697 74 157 115 544 82 101 1133 93 29 77 
178 119 537 82 106 1681 701 71 154 1132 94 29 76 
179 123 538 79 104 1133 95 28 74 1679 705 73 147 
180 1142 93 26 78 1181 94 24 80 1690 716 73 178 127 531 77 111 
181 1142 92 27 78 1681 718 80 181 1182 93 24 81 135 523 75 97 
182 135 522 77 104 1144 93 27 77 896 99 24 77 1682 724 81 172 
183 134 522 78 104 1145 93 26 77 896 99 24 78 1683 723 80 174 
184 1681 722 82 176 142 525 79 98 1144 94 29 75 
185 1679 727 82 168 142 522 81 102 1149 93 27 77 
186 1678 732 81 164 147 522 81 102 893 103 24 71 
187 152 521 86 105 892 101 25 74 1679 743 77 143 
188 153 521 87 106 888 103 25 71 1678 742 77 144 1144 97 47 73 
189 153 521 87 106 887 104 26 70 1678 742 77 145 1144 97 47 73 
190 155 519 86 106 886 105 25 72 1682 767 79 157 
191 160 511 87 109 884 112 26 69 1188 94 27 76 1681 768 80 157 
192 167 505 84 116 885 110 24 71 1190 93 26 77 1682 770 79 156 
193 883 108 24 73 167 501 85 118 1191 93 26 77 1680 771 80 156 
194 169 503 87 111 883 102 22 82 1680 764 84 171 
195 169 503 87 111 883 102 23 82 1680 765 84 170 
196 883 98 23 83 193 493 69 113 1679 769 85 166 
197 197 494 71 110 1677 772 85 167 
198 200 495 72 105 1677 775 83 164 
199 207 496 73 103 1679 782 79 155 
200 213 496 74 103 1681 804 84 159 
201 213 496 74 103 1682 804 83 159 
202 219 500 77 98 1680 804 82 164 1160 78 25 66 
203 219 496 80 99 1679 801 86 172 1159 79 26 66 
204 222 496 82 100 1680 803 83 170 1161 77 25 68 817 105 46 78 
205 226 497 80 95 1678 803 84 170 815 100 47 84 
206 233 484 74 101 1679 806 83 168 809 105 53 81 1198 79 25 68 1163 77 23 66 
207 233 484 74 101 1679 806 83 168 809 105 53 81 1198 79 25 68 1163 77 23 66 
208 238 486 73 96 1676 805 84 172 1196 77 26 68 808 106 50 80 
209 245 487 68 94 1674 808 88 166 807 102 46 86 
210 249 484 67 94 1673 809 88 168 1180 67 55 78 806 102 43 85 
211 252 481 67 100 1675 811 88 169 1193 76 25 70 
212 1674 818 86 159 251 474 69 107 809 100 42 89 1181 68 49 77 1190 71 24 74 
213 1673 818 87 159 251 474 69 107 809 100 42 89 1181 68 49 77 
214 1677 830 81 144 1182 71 51 74 250 469 73 108 808 103 46 88 
215 1649 856 68 137 1184 66 53 76 
216 1193 66 53 76 1648 855 68 141 267 460 65 108 
217 270 466 70 105 1213 71 23 76 1646 859 70 137 
218 274 462 71 105 1645 861 75 134 1212 68 24 75 
219 275 462 71 105 1645 861 74 134 1212 68 24 75 
220 283 459 68 105 1645 866 74 130 1214 63 23 81 
221 287 461 64 100 1645 866 77 131 1213 58 23 80 1204 61 48 72 
222 292 458 64 102 1209 55 24 79 1644 867 75 130 
223 295 454 66 100 1645 872 76 124 1208 58 26 73 
224 294 454 67 97 1647 873 72 126 1201 59 27 70 1261 62 22 72 
225 294 454 67 97 1647 873 73 126 1201 59 27 70 1261 62 22 72 
226 294 441 68 103 1647 876 73 123 1196 60 29 69 1686 867 70 119 1263 61 22 71 
227 295 443 66 97 1198 61 28 69 1645 881 76 118 1263 64 22 69 
228 300 440 66 96 1646 887 74 115 1199 59 27 69 
229 307 442 65 96 1201 59 28 69 1265 64 23 69 1648 891 72 108 
230 310 443 71 92 1648 899 72 101 14 457 34 106 
231 309 443 72 92 1648 899 72 101 15 457 33 106 
232 315 443 69 91 13 459 34 107 1649 899 71 101 
233 326 444 61 92 15 460 35 102 
234 326 444 62 90 1635 915 71 104 1211 54 24 75 1261 57 24 73 
235 331 442 58 90 1630 917 73 104 1216 54 25 74 
236 333 439 58 91 1628 923 73 105 1447 969 80 80 
237 332 439 59 91 1628 923 73 105 1447 969 79 80 
238 348 436 55 88 1624 923 76 104 1220 53 25 76 
239 1621 928 73 100 345 429 61 92 1220 53 25 75 
240 344 427 64 94 1622 935 67 97 1223 54 24 73 
241 346 422 59 94 1620 936 68 95 1220 52 25 75 
242 348 422 59 94 1619 939 68 95 1459 944 75 88 
243 348 422 59 93 1619 939 68 95 1459 944 75 88 
244 354 418 53 94 1617 943 70 91 1456 944 75 90 
245 1453 935 83 104 356 415 50 98 1617 944 71 91 
246 1456 932 82 105 361 415 54 98 
247 364 417 52 96 1457 929 83 106 
248 1457 922 83 110 365 419 53 93 
249 1457 922 83 110 365 419 53 93 
250 365 401 62 93 1466 920 82 108 
251 372 416 52 92 1467 917 86 106 
252 365 398 60 97 
253 369 398 58 92 1470 921 87 97 
254 374 399 58 88 1472 922 89 94 
255 374 399 58 88 1472 922 89 94 
